vec <- c(2,5,7,8)

